#SMPL parameter given from project 

{'betas': array([[-0.423085  , -0.003703  , -0.03431075, -0.1880195 ,  0.01218101,
         0.17071953, -0.17144927, -0.0325678 ,  0.11107076, -0.0803928 ]],
      dtype=float32),
 'body_pose': tensor([[-1.5661e-02, -1.2770e-02,  5.4808e-02, -1.7060e-02, -1.3460e-01,
         -8.6445e-02,  1.2443e-01,  6.6725e-02, -3.0647e-03,  1.0470e-01,
         -1.0922e-01, -7.1112e-02,  2.3697e-01, -1.2543e-01,  5.4977e-02,
          6.7292e-03, -1.7449e-03, -6.9267e-03, -2.8060e-02,  1.2579e-01,
         -7.3854e-03, -3.9987e-02, -1.7472e-01,  6.5703e-02,  2.7846e-03,
          2.2499e-02,  3.4740e-04,  2.1100e-02, -1.9087e-02, -1.4795e-03,
         -2.8169e-02, -9.0803e-03, -6.3147e-03,  1.9139e-02, -3.3373e-01,
          8.7824e-02,  8.4824e-02, -6.0699e-02, -3.3053e-01,  3.5012e-02,
          1.6595e-01,  3.0341e-01, -2.3875e-02, -4.0167e-01,  1.3489e-01,
          1.2595e-01, -2.3840e-01, -9.5707e-01,  1.3594e-01,  1.1644e-01,
          9.3848e-01,  2.1770e-01, -6.4626e-01,  2.2131e-01,  1.3242e-01,
          2.2244e-01, -1.0423e-01,  8.6250e-03, -8.6206e-02,  2.4329e-01,
          8.7746e-02,  2.5761e-02, -9.3852e-02,  0.0000e+00,  0.0000e+00,
          0.0000e+00,  0.0000e+00,  0.0000e+00,  0.0000e+00]], device='cuda:0',
       requires_grad=True),
 'camera_rotation': array([[[1., 0., 0.],
        [0., 1., 0.],
        [0., 0., 1.]]], dtype=float32),
 'camera_translation': array([[0.0597275 , 0.09431628, 7.746273  ]], dtype=float32),
 'global_orient': array([[ 2.7402377 , -0.21356049,  1.4395075 ]], dtype=float32)}
 
 
 
 
 
 
 
 
 
 
 
 
 
 
 
 
 
 
 
 
 
 
 
 
 
# inference required SMPL parameter:  betas, body_pose, camera_rotation, camera_translation, global_orient

#got from expose smpl 

#  not included : camera_rotation, but same for all example 

betas[-0.3791877  -1.0586292   1.8728359  -2.1817775  -1.2916522  -2.3438668
 -0.06572848 -0.40916783  1.5276432  -0.14841655]
 
 body_pose[[[ 9.99757111e-01 -1.60510167e-02 -1.50999157e-02]
  [ 1.60380043e-02  9.99870896e-01 -9.82716097e-04]
  [ 1.51137402e-02  7.40304997e-04  9.99885440e-01]]

 [[ 9.97024477e-01  5.46022281e-02 -5.44129536e-02]
  [-5.34998178e-02  9.98336017e-01  2.15158854e-02]
  [ 5.54972291e-02 -1.85407810e-02  9.98286664e-01]]

 [[ 9.99650836e-01 -2.60346495e-02 -4.50657122e-03]
  [ 2.52949037e-02  9.92272973e-01 -1.21468067e-01]
  [ 7.63412751e-03  1.21311672e-01  9.92585063e-01]]

 [[ 9.83175874e-01  4.01899517e-02 -1.78185359e-01]
  [-9.38115120e-02  9.48113382e-01 -3.03776860e-01]
  [ 1.56731158e-01  3.15381914e-01  9.35932457e-01]]

 [[ 9.97500956e-01 -6.96489960e-02  1.18683670e-02]
  [ 6.97363690e-02  9.43599641e-01 -3.23661238e-01]
  [ 1.13436915e-02  3.23680043e-01  9.46098626e-01]]

 [[ 9.99882936e-01 -3.97549104e-03  1.47735709e-02]
  [ 3.41355917e-03  9.99276876e-01  3.78689319e-02]
  [-1.49134360e-02 -3.78140695e-02  9.99173462e-01]]

 [[ 9.91113067e-01  2.36533163e-03  1.33001298e-01]
  [-8.06286931e-03  9.99071777e-01  4.23159823e-02]
  [-1.32777736e-01 -4.30122949e-02  9.90212142e-01]]

 [[ 9.87333179e-01 -3.61494087e-02 -1.54487267e-01]
  [ 3.71142551e-02  9.99305367e-01  3.36492271e-03]
  [ 1.54258311e-01 -9.05597955e-03  9.87989008e-01]]

 [[ 9.99925256e-01 -9.89446044e-03  7.18496973e-03]
  [ 1.01751154e-02  9.99142408e-01 -4.01365794e-02]
  [-6.78167818e-03  4.02066857e-02  9.99168396e-01]]

 [[ 9.98854756e-01  1.98337305e-02  4.35406491e-02]
  [-2.47752815e-02  9.92933095e-01  1.16060279e-01]
  [-4.09310460e-02 -1.17006093e-01  9.92287338e-01]]

 [[ 9.99123991e-01 -2.58945767e-02 -3.28747295e-02]
  [ 2.90558692e-02  9.94599044e-01  9.96419415e-02]
  [ 3.01169902e-02 -1.00509860e-01  9.94480133e-01]]

 [[ 9.65984941e-01 -6.89542200e-03 -2.58506477e-01]
  [ 1.87596474e-02  9.98879135e-01  4.34566997e-02]
  [ 2.57917076e-01 -4.68280017e-02  9.65031564e-01]]

 [[ 9.10277069e-01  4.04396236e-01  8.86528790e-02]
  [-3.86021912e-01  9.06456947e-01 -1.71239406e-01]
  [-1.49608582e-01  1.21653348e-01  9.81232762e-01]]

 [[ 9.48039055e-01 -3.15389603e-01  4.18493301e-02]
  [ 3.16949934e-01  9.47677970e-01 -3.80686894e-02]
  [-2.76532192e-02  4.93547469e-02  9.98398423e-01]]

 [[ 9.59573269e-01 -7.16710165e-02 -2.72180915e-01]
  [ 5.97597808e-02  9.96867239e-01 -5.18133231e-02]
  [ 2.75041729e-01  3.34532075e-02  9.60850179e-01]]

 [[ 5.52448094e-01  7.89740801e-01 -2.66665757e-01]
  [-8.29175353e-01  5.53392351e-01 -7.88996294e-02]
  [ 8.52605328e-02  2.64700621e-01  9.60554183e-01]]

 [[ 5.68516374e-01 -7.74802387e-01  2.76532590e-01]
  [ 7.95519471e-01  6.03410542e-01  5.51765002e-02]
  [-2.09613577e-01  1.88618317e-01  9.59419131e-01]]

 [[ 9.03723717e-01  2.90849507e-02 -4.27127004e-01]
  [-1.00289002e-01  9.84311223e-01 -1.45167410e-01]
  [ 4.16203678e-01  1.74027368e-01  8.92462313e-01]]

 [[ 9.36546564e-01 -1.57499388e-02  3.50189179e-01]
  [ 4.13380079e-02  9.96981859e-01 -6.57146424e-02]
  [-3.48097235e-01  7.60209411e-02  9.34370995e-01]]

 [[ 3.79004240e-01 -8.98676336e-01 -2.20763832e-01]
  [-1.20559692e-01  1.88577831e-01 -9.74630117e-01]
  [ 9.17508125e-01  3.96004170e-01 -3.68723460e-02]]

 [[ 9.36811745e-01  2.20498443e-01  2.71595687e-01]
  [-2.38211885e-01  9.70630348e-01  3.36427018e-02]
  [-2.56200850e-01 -9.62141976e-02  9.61823285e-01]]]

transl[0.01248934 0.51712853 7.94048977] 

global_orient[[[ 0.6891134  -0.06431884  0.72179353]
  [-0.09121203 -0.9958301  -0.00165591]
  [ 0.71889025 -0.06469513 -0.6921065 ]]]
